B = [49,75,91,105,114,124,132];
alp = [0,2,13,14,15,20,22]*2*pi/360;
alp_r = [2,6,12,20,25,33,41]*2*pi/360;
Ve = alp*1000./B/17.9;
Ve_r = alp_r*1000./B/17.9;
