s_1 = [25,24.5,25.5,25];
s = (35-17)*ones(1,4);

f_1 = (s_1.*s)./(s+s_1);